1450206602
9810143993
1483812536
8727035264
8490119883
4814174218
6247112589
6776115877
7111834788
7094788696
8555882764
4895324236
1260708536
8618484615
7676072499
5265606852
8657065137
5496491170
3232836271
9134671265
7340123647
9715459499
8118453913
4340133983
9656679356
1988341465
3785659577
8994261843
8958735164
7931220812
7937395245
8829432640
4587368128
9033391057
4310700744
6795524278
8964647705
3167369979
3426271587
1394728693
2591277024
5794080517
2197116290
6408240648
3534239066
8460765069
5026915784
4814597369
5644269786
4045149167
7902609880
3514481806
9816280804
1867440916
5005599144
7350008322
4927227225
3427248117
4086746645
7559454766
2088753272
2070156509
1616481438
7873358292
5515047297
9951964347
2552096714
3453677606
9380850279
4540547478
6623004440
4186905185
4291459122
9292342030
1686973703
3305573507
4417046636
2013471394
2322070635
2462010963
7250572941
5843286478
4667861802
8217770891
8351602349
7137744766
1874445467
3142018269
3819446320
7342635650
1759102162
6130167773
6953489588
8829390994
4233400934
8553035653
7088794804
6247008830
2564447762
2201908500
8787073540
9054122368
5242146474
2762729074
9193490798
4991044547
8250211434
1688997635
2827966837
5863552143
6105266255
7837907622
3981114995
1152551595
9732258832
5689178863
3665130207
5385353667
5876840236
9100486588
7883994662
6983336646
9725185994
6112029783
9509469551
8271819728
7185250534
7120355627
8574893048
5723208565
3450116861
2534883567
6424508677
4175036059
4064193962
3500640307
6991855619
3800838725
6730461859
2398337068
7361268457
6403822349
4384635185
5270465819
7131699559
8365121344
9992992145
2041708279
2427068286
3095261063
7431114829
9257683496
2196990249
7615140997
4493727473
8732310110
3123477703
8928714711
8213923392
7750451255
9736610129
3873804620
3781815144
2976987339
4594471415
7261347985
8883483011
6511820612
1177101215
1849241889
4923886306
3276315124
4978133253
1299411420
4950807826
4621023615
2151220920
9258174988
7625437340
8492909401
9762981590
4522493128
6692025014
5935402980
4152763518
9182167314
5728799682
4658319245
2931605799
5527441423
4925703208
5846349997
7214134230
6963395876
7769846909
5184384149
6342834394
1264730653
7876260735
7756831079
2475952863
6435840086
8288881105
2293685388
1267935981
9100605687
4823939311
3649468068
2876683805
3107830331
7269325655
8982374811
7517136533
5957290453
7315264804
7258271445
1503612223
3907179780
5432262042
6902698541
2019142200
2519900196
8783223839
6651956388
7331857224
3204820274
7632302517
4970176441
5492759225
4613669501
3980964792
4963133897
1144118299
8120679623
2731685075
5357221549
5860374590
8278308406
8834421841
7437886421
5547054399
8424763564
3637053387
3871490721
1836748046
2229391644
7026434314
5992803559
6976721946
1374583789
4090146340
3175965852
9365578362
5576895156
3337280600
3714430466
1793198314
5680053314
7441795047
7464971724
7276070883
5034686457
5058845664
9211152934
6753614414
4720561626
8586863406
4332782915
7894859898
1856730390
4339497094
3547646483
3915757406
8385253311
6452447041
5038197508
8130801562
6241715003
4701026346
7519017894
7052251867
8857597862
9814510509
1261418216
3947155958
2406085165
7214706932
9935688619
2374099728
2475616160
4816046147
5578507755
9740714383
7689345431
7627625581
5759305910
4258096107
6803153057
7893819673
9576124716
7830069953
4039137621
2271538767
8165440236
8461850879
7814052180
9873045430
8914693114
4795148407
7149733887
2816566475
3102468744
6773713003
3558276017
2737525971
6162869491
6481905098
8757918877
2199201287
2618210829
8899207688
5210617037
3906962559
5889537520
8824044412
2110190186
9754440476
5061437239
9881735388
5966035810
9391806813
9537061563
6140436001
8448158355
3477270983
9869017119
7166285554
8448593293
6859595927
4719426015
4942306443
7908465513
3944578879
7610995637
5779838761
5000804660
3358219015
4970588882
7575207923
4508289773
5904463029
3797001781
1870774106
6166195046
9361584093
7378006400
8818169278
7885974773
2392968392
5050975700
4134597084
8099155357
9174114395
5140790894
9970396178
9725010926
6413124160
6145983546
2577288717
9446944623
9008707161
6723628735
7840428775
1363966644
6647478866
7727464027
2269726149
3023604452
7776448194
8969119268
4657518198
9246449363
2160978108
9683994678
4558128545
1354240067
3488867669
9012201012
7537424047
4683003305
7501409676
4545956044
9657677466
3081449898
8991850235
5505488318
6487239325
3015440152
9242236309
5208693038
7479363178
7872242283
8575596689
8986741724
7201026735
6691784964
3089392080
7128769062
8306396737
5338141579
9130902232
4145027279
2430093574
6010790627
6647955183
4136029643
4448814705
7019215492
9055362008
1742274534
3414276577
9408177711
2958079525
3735247949
4176642623
5666213955
1609356563
4986475391
4110840974
2175025854
2962675359
5785948339
9686083457
8769392966
8710243785
5894325189
9324949270
5211474216
5824248397
7987934907
7832997268
2602844235
5162896880
6791565776
7630940450
3784946753
5993186386
7184635394
7017304914
5545101076
5424683451
5946020627
6463045753
2807711109
1424050265
4574007789
5803785615
8047250976
3903950782
6668331400
3925958048
1633482026
1307403261
8058674746
7766912419
6376997992
5004302725
1978857179
9167843876
5528346133
6978806529
3208248975
3847958412
4057512307
7485510388
9186601333
4312289775
4210810835
7492882619
7389343596
5695889099
5405274023
1119213742
7566732235
7165959437
1331642496
1500521911
1694853525
5852826735
5945494496
4909398080
4097126907
2812514600
3736021612
6586451706
9082813685
9365355150
9326115210
9189203580
4463064365
6911538446
2688887888
4112084262
8499841451
8188293599
5145500724
1542815030
5437844273
6610084126
2061550735
7344740836
6904322886
3114922142
5323737055
7676873620
3613110021
3939751011
7525544912
3592855181
8741457410
7084589990
8885626099
5526284747
2703433421
9354512354
2036363139
7698728406
7425657337
7869329830
8705558761
9579023801
4526461847
4890418794
8816120406
2293375844
2966220547
8963255455
7020389781
8525693654
3212031260
4957096963
8623573787
6799182925
7382482221
3460155948
3012512977
4116880962
2673938892
4958657781
9263682747
3669263491
3187373421
4135795470
2720061670
7222836040
6960736317
2899025648
4124230758
3711973024
6067218274
9386899983
4053002859
5172414924
2465753281
8271046847
2785364712
8693166122
4418531211
5253392114
8391955155
6822368103
5042319485
6823478089
6090540873
8175989497
7183737266
7677361904
9971522499
8252195764
8640091547
8196969922
6579084207
3108917587
6231881128
9617204204
7203651551
9965409849
7557142034
6323443959
8689367132
6783841814
6454441451
3540369248
4731199923
7235179174
6547482530
5355622802
4458033871
6320951231
8579617362
2284071743
1966707679
4054966690
8662863365
1701756434
5694092207
8439609474
2547388733
6631138320
7067857265
9362137594
5318025041
5866601954
8869471537
5348315256
9821046139
5230074895
8742463637
5088501171
2854792367
3466746041
9179649017
3841317778
8316904720
9111557415
6688501902
3922787375
1706857937
7612905466
8853452935
2278619310
4830856175
5201395202
1138503706
6964320158
6859882396
7802257654
2685837417
7336824237
2693383737
4644692751
1131890903
9198013954
7630011390
1451164921
7556951230
3819737057
4724721921
8654005267
7424694406
3508845653
4023639123
9672888218
5693445096
1886257251
3923129558
9776823753
5573181592
8327153903
1544292785
3418578601
4126279778
1496571737
4904818985
5372544341
2579194874
6814560597
9090255161
2969478391
4947185421
5104051566
9088212763
7898889414
3945361198
5399817542
9813523505
5912295390
6419442883
5304024936
2559813423
9597439891
8072393998
1950492014
5483606881
1423565758
5620089267
3632775948
4554471388
8995061854
5836220545
5001321543
3434723819
6253788884
7414287943
5382443960
9150091704
8345693944
5308693644
1281011215
2083729731
3839200525
7007437510
3213080764
1425072144
1293989451
8391722504
9698702214
7085757945
9368774195
3144874903
1260284017
4456728194
6018461394
3302685684
6643692254
3825184756
2086782346
5857145327
5869825663
6628544709
5821080599
7296873846
4227695952
3838229115
5492298133
7490149156
8420403972
5336269928
2910306637
1571346157
5118002358
9882648564
5103826333
1676482182
5122988126
3643046367
9613137239
5174533100
4689141444
4316820727
6357012450
6621771596
8151194068
1691707756
6231708498
8775829679
9260839508
2206618579
4429323757
4592979824
6147254510
9436238815
4379845400
3729714215
6001470625
7117344315
3349703102
6530981516
1469538093
9953634483
9215704644
9661258822
6335314526
4572798844
9845975774
1162837205
2206416084
1572468101
4108351779
9460552200
5388053194
8392491292
9402591392
8186099150
7181787129
2743964334
4357459040
6964297178
9401261471
4399813142
7944409969
5267966261
3115417719
1448849248
5996665567
7792736740
1905034064
9414615588
9145579843
4825923815
3119804751
2888209381
2430224339
3742524556
6168716331
4619626850
2881547850
4856300957
9921681559
5446033604
6279374316
7897725296
3661940672
8243692518
2467628959
5944140939
1524768731
8457576507
2471634620
1935288337
5112990886
1144983276
8013007774
2822705620
3104759224
4737157696
3725302556
7806670659
1426361139
9269883059
2302590005
2311628853
2338434252
3600481009
9869270903
8157652486
8979366304
4430884269
3711593047
8628955200
8768472757
7944438155
1735784643
8002102165
2622069545
1958055473
1781391916
9687441007
1635573951
3336887730
5094488272
5923098350
8091886138
8219235781
8143915283
1937750418
1606921361
1523015768
5766647436
9555377754
2198497545
9604196253
7831790178
8412627895
6576471039
6764321439
3367535695
2426973791
8945510543
5572292830
3499271461
4430139467
6943402030
6761426880
9564843995
9629015754
4046966451
6723339769
7200360298
6636739477
6284592630
6714465312
1166439791
8292971608
8798583502
7066952189
2781947424
8126861580
9592122989
6048274296
1464918650
3733978384
8178581322
4205284096
6832034402
4097672541
5675146069
1982858470
7348486018
6820561249
8239106031
3758827153
8764005857
5818336429
8235300883
4328735599
2292441736
3811587602
1173882748
7806772051
4480880032
6002417808
1534269424
5237262496
5081549404
5343674284
8215876937
6074381247
3876553747
8144209745
4347948704
5426795209
8297859346
3615398635
6464815723
3667201164
7216074327
7513750529
1168994857
1997974943
1681290627
8618425097
2780706998
9693328364
2977665073
5390897475
2943905114
8496534456
5090624386
6423899872
6076766075
6254647647
9625038495
6456942749
6382540610
3775571124
5428172748
3902381225
3468120265
6093589452
9471567376
4815443616
9789748591
2779831187
8182481626
1618827547
6378923318
2242693348
2926098096
4612259104
4616722143
9467449097
4754881010
5973716779
2115974027
3888128072
7402577056
8806681408
2617918098
1665788900
7316297344
4516431136
4959459731
1280963941
1991541826
6886250326
5417674443
2139462728
1517290375
2894205259
3100714070
3153909639
3373817614
7366368205
2666530287
8606795675
8406736381
3778737168
4785432313
1690593551
1837125036
5491092123
8012927469
7434280974
2473546570
2372567567
3552738506
5086172119
8921948026
9446739963
3588451331
4851424084
9090798181
4686537254
5366455872
6970949404
1840839659
9512627877
3536048315
3119145022
1192033222
6300381178
1253999047
8681025661
7455881077
1711263020
7747681882
1671951579
7253855480
7210193038
6050846668
4109486449
7591158248
3794443183
3835875438
5677822020
7281508331
8968505793
7744251688
3012378720
8514187447
5913051219
9214447799
8656760603
5979811502
2218487487
6513286829
1442698685
8159839266
3530031798
2021868733
2345520380
5028264189
2263035977
6607346171
6948154394
5643909040
8253712051
9148436173
1352066609
7146107073
7996153638
4315840562
2565265752
5352146823
3563321979
4818191281
4271118406
7095884445
9964024642
9122251724
3397803777
4934925744
2594099810
1122033415
8991201413
7232225434
6131861867
2332182909
8811417583
7517435870
1744913253
9937386201
9584628091
5638675456
8830462460
5497917427
6297259230
1436001666
5078564711
6489854059
8377109856
2020884278
7347544567
2277693319
7830948246
2246249415
7984796632
6185463576
7587819336
6878413264
6140167911
7782736298
1413211195
9935041492
7003294304
3740567149
7939732247
2880104668
7839401473
9002521461
7832960372
4420533127
2422576798
4230923323
7848971380
3738669358
9550003619
7938302473
2338852605
2670757254
2227597088
2323176014
9913425385
3444530555
7883940143
6495814243
3340922053
6620037807
9390673938
3884045730
8904392421
1479469933
1475450048
5168638956
3505467205
3987989088
3481204095
2911260826
6185879849
2076110835
1816483918
9745513685
1697003657
7021448388
7398382305
6102767662
7508425875
6544009996
8278293241
2952348249
8899232796
9109825325
6675195006
7113893779
1845178791
7338935170
9127168267
4410291687
7535912551
4056139444
8328550750
1568484583
2482412128
8208101960
2720255912
3523832241
8123771960
4319311750
2094425875
9061351666
5383293709
1339655506
1969149840
7519916846
5480333404
1552589167
8492080606
1449293495
2527608355
6629783174
1512249829
5313193613
4282418628
8735539877
4137492340
1715022730
9176377777
1205243080
6096288002
2378003945
6461783188
9959581896
2690007199
6967192244
6467046866
6196356436
5015590517
7939365835
4558721530
9864895678
6084050711
5081393318
7965120899
6406064667
4858265040
6882592967
5215263822
1645856192
4852919230
3185161837
3407690987
9014367907
1472281171
5399638186
1665339781
6649612394
1761495952
5194162260
6267152517
6769001100
8624314167
2941745029
7874879887
1582936539
4534694833
8704809124
6747348504
8664853892
3147997360
6164331899
7479039701
8947255371
6875613241
8438103097
1926251790
5959969100
3667517923
8438619539
2265773530
6939999801
2459778607
9845323667
1898772600
2866736294
9250545956
7832737022
6801420962
3663306405
1529661976
8238775787
3300833964
3884884043
9550854206
6653744382
9610610645
1524170907
8554969470
9726486256
7612737346
3497398368
1690502685
9480802618
2628930608
6815511154
7689821754
4908103121
3615074298
1731072563
8697554382
6280447335
2828659392
3065934744
8940701311
2402151848
3558887770
7095540359
6789520191
8851071360
2561469257
9845037909
7815353931
8906741312
3227338516
7599233134
1656437663
9019446612
4930002438
2887677089
5454888795
8295573277
7250551836
5375457100
6802485022
9665801465
9856143565
3616474844
8767227249
9290777518
2451304389
3897677926
8657035439
1817056124
4595278131
2553166312
3692676923
6564090702
6589866895
4323658172
7190927974
6723191622
2189599326
1363531243
6582666830
6637357316
6959658579
6128672731
9821159397
6198043947
1774931220
5434923652
7289503830
5146135005
1659375387
1150888971
9497106097
5508047716
5999226154
5473854227
1882775096
3872516084
2330558183
8684525602
7942012639
5581876724
3643395903
3475646124
2472337804
2030986266
3769144546
4673602641
2296982780
2768182768
3760500715
8491987300
8781701101
7513801743
7781304324
4930391502
1627238386
7142519144
7170453816
1702862344
6534850496
4087480321
4677199882
5127492893
5087135359
6465399147
1800028241
5614654712
4577190332
3977361598
3061436146
6955432906
5613801375
7398976735
9855505344
4644034158
5077526794
8412463810
3194915410
6045487252
9337871005
4116990266
6537043072
3127422960
3679161737
3845943174
6088666744
2445198078
9425128065
9574765857
9568355615
9769476902
7412274986
1136223663
6900030824
7643123225
9640183688
4161103176
8360825780
4379254453
1228123311
6596358446
6876362302
4244495111
4576056765
3211560616
4153178977
4241758239
4127738849
5469045882
1843029079
5749900852
7791433257
5165310827
1200547381
4430838886
6732762772
7193168429
8426239914
2901386010
7139015682
1453147866
2547637717
6830287986
6886697469
5508691212
7138752514
9050653620
1498824625
6176746657
6526092161
8128011028
6988522829
4215249151
4920097081
4383760462
5671253766
3151290766
3391552752
4427206509
4574793558
3567023695
3742857223
6092692157
3441269575
4430408227
6174091335
5309641991
2671804491
1552317705
1603005321
6390732626
3286580485
3898213696
3827389918
3121595793
1995292662
1798834024
4356778329
3090951957
5961253465
1509577607
9492787100
9293039607
1327148019
6239468146
6177851582
8356805642
2595562058
9394010071
1490101742
1355410430
6769630343
5189451200
3155456711
9902546245
5667431373
5129645734
5297139596
3642976074
1215296100
9082068819
8233125840
2146275035
2956075827
8796800818
9856184046
1659819116
2243673540
7857496693
7900846910
8419004801
9380448327
9251550478
8058104923
5728982292
9687844063
9664976740
4145565144
8758238024
2177142839
9071872996
9868622829
5918048604
3783530746
7012386783
8623543905
1754612424
6545495353
9020325742
8231082877
6779687091
5286096440
4275936787
7064060410
5346305471
6433669082
8729328407
8920315908
9364899080
3824652241
4688096774
4907219576
7707963090
4342485053
3919929193
8858718673
7588638797
5144753730
6167348482
6363530772
1580590512
7676058589
4530826889
2992153509
9132687541
8976736387
2105017490
7596671096
8147146438
8949289068
1964436827
3579921093
8189261884
3810239732
6980045203
7228217890
5691578108
4140187004
2112278724
7867945483
3474835430
5033106798
4765816919
7779619755
5628821968
3461340038
2865931731
9144354720
5191409084
6211755842
9355190839
7538973249
6977692716
6157247972
3058695455
4249521091
7163450459
6472731966
4895321794
8596706779
8863785230
6582568989
2394486654
7060001210
5041233249
1632852675
4191177555
9422214262
2599995842
2981413713
1285731939
6118727172
8808066001
6509903334
9773991330
9310575548
3109899837
3791445118
9860532792
5086782124
4771984859
5626190834
9868585564
1844944047
9602025426
4517060468
6923121845
5927605871
3357586515
4424280057
9130022249
4924870116
7994926352
6879120361
4960774975
2236698183
8929480065
6308029683
7877700002
8804231919
6524427984
4636692396
5358182177
7061956510
8889824676
2007699255
3562293882
6009199691
2430701749
8226820050
2437022375
8225716280
6261158410
6766222821
8266188048
6138442208
7824889965
5810423011
4019872183
4712699014
6687496064
2682694844
3097373622
3815217551
8334028939
1195955557
4689318970
1786712568
4515573372
7417893239
8655413528
2078675865
1865891053
6709024756
4236560587
5973759501
3487549618
7635618000
1419865292
6977470176
1919565241
2902607165
3658113627
9638284020
2083041606
4612979405
6035593366
2850387143
2902603487
9055679908
3474302562
2397205154
7850884394
5837678599
2050117259
2376363177
3493893550
4350533055
3170348300
2501946608
7714155546
5083368077
4181544773
5697779259
7580868942
9948605468
5453491374
1385991338
7426706485
3627086091
3425450679
6954035793
2210975169
9680023594
5731482062
6028282330
7711294945
1437954927
3708601753
2594825844
2686911398
2980484632
4294334983
5847467193
1511308107
1407305172
3746228075
5885482350
5288994067
6745945920
4979326321
9626189653
5172462685
6723315800
1860689988
2933140085
6687544596
5660238056
9110374848
6836670542
9700826864
3994840209
2720048322
3517456271
7666965949
5779404012
2630156113
2313867595
3159169168
6150390316
7684661772
9788088057
5252632491
3366376763
2422441828
1159870438
2794723212
5623193794
2256921407
7522651692
8430605496
6760062581
4067483900
1516855413
9412950970
8921869621
6607552283
4044697555
9287621335
3381459838
4531304653
9283181749
7037097694
5679077011
4503410908
5552927631
3530306721
7495305330
8369721816
9020946203
2918516699
2072066470
5570386938
9414880651
8124213991
5901579334
6393215441
9223398217
4409421650
9327254621
8651302023
2032188766
4121924980
9981832024
6828897289
8436896889
7267565159
5210104591
8794901583
6599672978
2951176379
8070183778
3781831236
3819361766
5633958698
8646467210
3865442717
2515389699
2008403571
2867289918
7589346773
8592990783
3471672553
3746521920
2030568859
4392406327
2581958001
9363705683
4239738472
1826672415
2482229483
9193731208
2059404281
9295385027
2806641534
8663071241
6927352557
9575538522
9248170589
1338611905
9746115405
4333455682
4189718372
1680750118
3820756551
1642312343
9376370838
2177854348
9837198045
6021678181
9462834141
3313788184
1113643135
3250046498
5766351036
1782684266
6721679238
4132323430
2031230388
9517973156
9348831514
3003891760
2195826752
8171367905
1632433241
9514533168
3233781412
5758727332
3151275279
2704349227
8157854778
5741869462
2164819513
5436461157
3124750795
5563874076
4489853200
9410682452
9887616260
2076789515
2751511992
3581542997
2157558069
5357750950
2888486151
9764945623
8515656935
5674426840
3320108491
2367580377
2460655512
3749893930
1420007558
8097580479
9859884563
9133114274
8977536607
1778976430
3766469834
9439041302
4823758385
8957334592
7744183483
1463898623
6781572461
5729823343
9676714458
2662678539
1205381461
7082346324
2503778215
8095376571
7965898474
1264533209
5731710100
8125155124
4434729746
8007065424
7973068908
5406534737
6926427054
1387634824
5606756303
9874389074
6340350001
5315787154
6703745584
9176553608
4095040713
8890442896
6515250591
2792059943
7980633554
4701199442
5119484512
8096440071
5074045299
2015951062
2421373198
3735861134
2542357035
9057898071
4821423688
1406334806
4164439052
1458702849
8050432570
5665355922
7907331188
5174989533
5951670668
3519996670
2628857927
4900197060
6185966982
7559504644
9998832745
2633351000
5824783822
3501858591
9309744876
6864983639
5534094408
8448967538
9408013198
8399876312
2472755019
8585915315
2040360143
1705684860
4156864333
4560771429
2261334868
7865350726
3720620845
1884598776
3338342774
4069568374
9705168824
6947613795
6744468154
5703357655
1928017498
1378626321
2022061145
4311306950
7392220970
4204188065
7210637083
3113991806
6261900590
4023124523
2589886447
9532339588
1318866724
3342658059
6792605919
8707091170
6677561093
6167400883
1275228886
2563107926
3799372067
9153518110
9319528195
8872833773
1239669940
6200512912
9869641101
5526960200
6832911790
7160946013
5752210103
7186111350
9309089662
3496273216
8195749018
5078164224
3585177397
3201197216
7955500969
9733316386
1686911951
8014577667
9459785549
7260874663
7309415957
9140799095
1732633452
6093131282
6090491548
2941701716
7260610662
3765985196
9416763270
8795272979
6980171684
7791440445
9469311781
2443202796
2231931772
1884753229
6989433607
1579980049
9701775254
8605574261
6876347771
3788920624
1748512727
8151990304
9429773594
9895953276
5028230529
9916144830
8785529968
1569459798
9508594369
7139006642
2967018600
5963259329
4030443543
3327901007
7291765370
1795030430
4663016201
1454710970